=~=~=~=~=~=~=~=~=~=~=~= PuTTY log 2023.10.25 18:34:39 =~=~=~=~=~=~=~=~=~=~=~=
48
63470025
555
90032
554
90038
553
90044
554
90050
554
90057
555
90063
55500
554
90007
554
90013
555
90019
556
90025
555
90032
554
90038
553
90044
554
90050
554
90057
555
90063
55500
554
90007
554
90013
555
90019
556
90025
555
90032
554
90038
553
90044
554
90050
554
90057
555
90063
555553
0
553
1
553
3
554
4
554
5
555
7
553
8
554
10
555
11
554
12
555
14
553
16
554
21
554
26
555
31
555
35
554
40
554
45
553
49
553
54
555
59
554
63
553
68
555
73
555
77
555
82
554
87
554
91
554
96
555
101
554
106
556
111
549
116
555
122
549
127
557
132
550
137
556
142
555
148
555
153
554
158
555
163
554
168
559
174
555
179
558
184
554
189
559
194
557
200
554
205
554
210
553
215
553
220
555
226
555
231
556
236
559
241
553
246
554
252
560
257
554
262
554
267
553
272
555
278
553
283
555
288
554
293
555
298
554
304
553
309
553
314
554
319
553
324
555
330
553
335
554
340
557
345
554
350
554
356
555
361
553
366
553
371
553
376
555
382
553
387
554
392
553
397
553
402
553
408
554
413
553
418
554
423
555
428
554
434
554
439
555
444
553
449
556
454
555
460
555
465
554
470
553
475
553
480
553
486
554
491
553
496
555
501
554
506
554
512
552
517
554
522
554
527
553
532
554
538
554
543
555
548
553
553
553
558
554
564
554
569
553
574
553
579
553
584
558
590
553
595
554
600
554
605
553
610
553
616
554
621
555
626
553
631
553
636
554
642
553
647
553
652
555
657
554
662
555
668
553
673
555
678
557
683
553
688
553
694
554
699
553
704
555
709
554
714
554
720
554
725
554
730
555
735
555
740
553
746
553
751
555
756
555
761
553
766
554
772
554
777
555
782
553
787
555
792
553
798
554
803
553
808
555
813
556
818
555
824
555
829
554
834
556
839
554
844
555
850
555
855
554
860
554
865
555
870
557
876
554
881
555
886
555
891
554
896
554
902
554
907
555
912
555
917
555
922
554
928
554
933
553
938
555
943
554
948
560
954
553
959
556
964
556
969
554
974
555
980
554
985
555
990
555
995
555
1000
555
1006
554
1012
553
1017
555
1023
554
1029
555
1035
555
1040
556
1046
552
1052
555
1058
555
1063
553
1069
555
1075
552
1080
557
1086
556
1092
555
1098
555
1103
554
1109
555
1115
555
1120
554
1126
554
1132
556
1138
556
1143
555
1149
555
1155
554
1160
555
1166
555
1172
555
1178
554
1183
556
1189
554
1195
553
1201
555
1206
555
1212
554
1218
554
1223
556
1229
557
1235
555
1241
554
1246
555
1252
553
1258
557
1263
554
1269
553
1275
554
1281
556
1286
548
1292
554
1298
552
1303
554
1309
555
1315
555
1321
555
1326
554
1332
555
1338
555
1344
556
1349
556
1355
553
1361
554
1366
555
1372
556
1378
554
1384
554
1389
555
1395
552
1401
556
1406
555
1412
555
1418
555
1424
554
1429
554
1435
554
1441
554
1446
554
1452
555
1458
554
1464
554
1469
555
1475
555
1481
555
1487
556
1492
554
1498
554
1504
554
1509
555
1515
555
1521
554
1527
554
1532
555
1538
557
1544
554
1549
554
1555
556
1561
554
1567
554
1572
555
1578
555
1584
554
1589
555
1595
556
1601
554
1607
554
1612
554
1618
554
1624
555
1630
555
1635
554
1641
554
1647
555
1652
554
1658
555
1664
553
1670
553
1675
554
1681
557
1687
555
1692
554
1698
554
1704
554
1710
553
1715
554
1721
555
1727
553
1732
554
1738
557
1744
554
1750
555
1755
554
1761
555
1767
555
1773
554
1778
556
1784
556
1790
557
1795
554
1801
550
1807
555
1813
553
1818
553
1824
556
1830
555
1835
554
1841
555
1847
554
1853
555
1858
555
1864
555
1870
554
1875
555
1881
554
1887
554
1893
556
1898
553
1904
553
1910
555
1916
553
1921
554
1927
555
1933
556
1938
556
1944
556
1950
555
1956
554
1961
555
1967
554
1973
556
1978
552
1984
554
1990
555
1996
555
2001
555
2007
555
2013
551
2018
555
2024
553
2030
554
2036
555
2041
555
2047
555
2053
556
2059
555
2064
554
2070
554
2076
555
2081
554
2087
556
2093
554
2099
555
2104
552
2110
555
2116
554
2121
554
2127
554
2133
554
2139
554
2144
553
2150
555
2156
557
2161
554
2167
556
2173
555
2179
555
2184
554
2190
554
2196
555
2202
554
2207
556
2213
554
2219
554
2224
555
2230
553
2236
551
2242
554
2247
554
2253
555
2259
554
2264
557
2270
553
2276
555
2282
555
2287
553
2293
554
2299
554
2304
555
2310
555
2316
554
2322
556
2327
553
2333
554
2339
555
2345
555
2350
554
2356
553
2362
556
2367
555
2373
554
2379
553
2385
555
2390
556
2396
554
2402
555
2407
557
2413
554
2419
555
2425
555
2430
554
2436
554
2442
552
2447
556
2453
554
2459
553
2465
556
2470
554
2476
554
2482
553
2488
553
2493
556
2499
553
2505
555
2510
555
2516
553
2522
554
2528
555
2533
554
2539
554
2545
553
2550
555
2556
555
2562
555
2568
554
2573
555
2579
554
2585
556
2590
555
2596
554
2602
554
2608
554
2613
556
2619
556
2625
554
2631
554
2636
556
2642
555
2648
553
2653
554
2659
554
2665
553
2671
554
2676
554
2682
553
2688
553
2693
555
2699
555
2705
554
2711
555
2716
553
2722
554
2728
553
2733
555
2739
555
2745
556
2751
557
2756
555
2762
553
2768
554
2774
553
2779
556
2785
553
2791
556
2796
554
2802
555
2808
555
2814
552
2819
554
2825
554
2831
552
2836
556
2842
554
2848
555
2854
554
2859
555
2865
553
2871
554
2876
554
2882
554
2888
554
2894
554
2899
554
2905
555
2911
555
2917
554
2922
557
2928
557
2934
555
2939
555
2945
555
2951
555
2957
554
2962
555
2968
554
2974
555
2979
553
2985
553
2991
555
2997
553
3002
555
3008
554
3014
554
3019
555
3025
554
3031
554
3037
555
3042
555
3048
554
3054
554
3060
554
3065
553
3071
554
3077
554
3082
554
3088
555
3094
553
3100
554
3105
555
3111
555
3117
555
3122
549
3128
554
3134
554
3140
554
3145
556
3151
552
3157
555
3162
555
3168
553
3174
556
3180
557
3185
554
3191
555
3197
553
3203
553
3208
553
3214
557
3220
554
3225
555
3231
556
3237
555
3243
554
3248
554
3254
555
3260
556
3265
556
3271
555
3277
554
3283
555
3288
554
3294
557
3300
553
3305
555
3311
553
3317
555
3323
555
3328
555
3334
553
3340
556
3346
556
3351
553
3357
556
3363
555
3368
554
3374
556
3380
554
3386
555
3391
555
3397
555
3403
556
3408
553
3414
555
3420
555
3426
554
3431
555
3437
556
3443
553
3448
554
3454
555
3460
554
3466
554
3471
555
3477
555
3483
559
3489
555
3494
554
3500
555
3506
556
3511
554
3517
555
3523
555
3529
554
3534
555
3540
556
3546
557
3551
555
3557
552
3563
555
3569
554
3574
556
3580
555
3586
553
3591
554
3597
552
3603
555
3609
554
3614
556
3620
554
3626
554
3632
556
3637
554
3643
556
3649
554
3654
553
3660
555
3666
555
3672
559
3677
554
3683
555
3689
557
3694
554
3700
556
3706
555
3712
555
3717
557
3723
554
3729
554
3734
554
3740
555
3746
554
3752
556
3757
556
3763
554
3769
556
3775
555
3780
554
3786
553
3792
554
3797
554
3803
555
3809
554
3815
555
3820
554
3826
553
3832
555
3837
554
3843
554
3849
555
3855
555
3860
554
3866
553
3872
554
3877
554
3883
553
3889
554
3895
549
3900
553
3906
557
3912
555
3918
555
3923
555
3929
557
3935
554
3940
555
3946
554
3952
554
3958
555
3963
556
3969
555
3975
555
3980
556
3986
555
3992
554
3998
555
4003
555
4009
555
4015
554
4020
554
4026
556
4032
553
4038
555
4043
554
4049
555
4055
554
4061
555
4066
553
4072
557
4078
554
4083
555
4089
555
4095
555
4101
555
4106
554
4112
554
4118
553
4123
555
4129
552
4135
554
4141
554
4146
554
4152
554
4158
556
4163
554
4169
553
4175
554
4181
552
4186
552
4192
553
4198
554
4204
555
4209
554
4215
556
4221
555
4226
554
4232
556
4238
553
4244
554
4249
553
4255
555
4261
555
4266
555
4272
553
4278
555
4284
554
4289
555
4295
553
4301
555
4306
554
4312
555
4318
553
4324
554
4329
553
4335
554
4341
556
4347
555
4352
553
4358
556
4364
555
4369
555
4375
555
4381
553
4387
555
4392
554
4398
554
4404
557
4409
553
4415
554
4421
554
4427
554
4432
554
4438
553
4444
556
4449
555
4455
555
4461
554
4467
553
4472
554
4478
554
4484
555
4490
555
4495
553
4501
554
4507
555
4512
554
4518
555
4524
555
4530
553
4535
554
4541
555
4547
554
4552
554
4558
555
4564
553
4570
555
4575
554
4581
554
4587
554
4592
553
4598
553
4604
557
4610
553
4615
555
4621
555
4627
555
4633
554
4638
554
4644
553
4650
554
4655
555
4661
554
4667
554
4673
551
4678
555
4684
555
4690
554
4695
553
4701
556
4707
556
4713
554
4718
554
4724
554
4730
554
4735
555
4741
554
4747
554
4753
554
4758
554
4764
554
4770
554
4776
555
4781
553
4787
555
4793
554
4798
552
4804
554
4810
555
4816
554
4821
556
4827
555
4833
553
4838
554
4844
553
4850
554
4856
554
4861
553
4867
553
4873
555
4878
553
4884
553
4890
555
4896
554
4901
556
4907
557
4913
554
4919
554
4924
554
4930
555
4936
555
4941
553
4947
554
4953
554
4959
554
4964
555
4970
555
4976
554
4981
554
4987
554
4993
554
4999
554
5004
554
5010
555
5016
555
5021
554
5027
555
5033
554
5039
555
5044
554
5050
554
5056
555
5062
554
5067
554
5073
556
5079
557
5084
553
5090
554
5096
558
5102
557
5107
555
5113
554
5119
553
5124
555
5130
554
5136
555
5142
555
5147
554
5153
556
5159
555
5164
555
5170
555
5176
554
5182
555
5187
554
5193
554
5199
555
5205
553
5210
558
5216
556
5222
554
5227
554
5233
555
5239
555
5245
554
5250
554
5256
554
5262
554
5267
553
5273
551
5279
554
5285
556
5290
555
5296
556
5302
555
5307
554
5313
554
5319
554
5325
555
5330
556
5336
554
5342
555
5348
553
5353
555
5359
556
5365
555
5370
554
5376
554
5382
556
5388
553
5393
555
5399
557
5405
553
5410
555
5416
556
5422
557
5428
554
5433
553
5439
556
5445
553
5450
554
5456
555
5462
555
5468
556
5473
553
5479
555
5485
555
5491
554
5496
556
5502
555
5508
555
5513
553
5519
554
5525
557
5531
554
5536
553
5542
554
5548
554
5553
556
5559
555
5565
553
5571
555
5576
554
5582
555
5588
553
5593
555
5599
555
5605
554
5611
553
5616
554
5622
555
5628
554
5634
555
5639
555
5645
556
5651
555
5656
554
5662
557
5668
555
5674
554
5679
554
5685
555
5691
554
5696
556
5702
554
5708
556
5714
554
5719
554
5725
554
5731
553
5736
555
5742
555
5748
554
5754
556
5759
555
5765
554
5771
555
5777
556
5782
555
5788
553
5794
555
5799
553
5805
555
5811
556
5817
555
5822
554
5828
554
5834
555
5839
556
5845
555
5851
554
5857
555
5862
554
5868
554
5874
555
5879
556
5885
555
5891
555
5897
555
5902
556
5908
554
5914
555
5920
554
5925
556
5931
555
5937
554
5942
555
5948
553
5954
555
5960
554
5965
554
5971
554
5977
554
5982
555
5988
555
5994
554
6000
555
6005
554
6011
555
6017
554
6022
553
6028
555
6034
554
6040
556
6045
554
6051
554
6057
555
6063
554
6068
556
6074
557
6080
555
6085
555
6091
554
6097
555
6103
556
6108
556
6114
554
6120
554
6125
555
6131
555
6137
555
6143
555
6148
554
6154
556
6160
558
6165
554
6171
554
6177
554
6183
555
6188
555
6194
554
6200
554
6206
555
6211
555
6217
555
6223
556
6228
555
6234
554
6240
555
6246
555
6251
555
6257
554
6263
555
6268
555
6274
556
6280
557
6286
554
6291
556
6297
554
6303
554
6308
551
6314
553
6320
554
6326
555
6331
554
6337
554
6343
554
6349
555
6354
554
6360
552
6366
557
6371
553
6377
555
6383
554
6389
555
6394
553
6400
555
6406
554
6411
554
6417
553
6423
557
6429
554
6434
554
6440
554
6446
554
6451
553
6457
553
6463
556
6469
555
6474
554
6480
554
6486
554
6492
553
6497
553
6503
553
6509
555
6514
554
6520
555
6526
555
6532
554
6537
556
6543
556
6549
556
6554
555
6560
552
6566
554
6572
555
6577
554
6583
554
6589
553
6594
554
6600
555
6606
554
6612
553
6617
554
6623
555
6629
554
6635
555
6640
555
6646
553
6652
555
6657
554
6663
554
6669
556
6675
554
6680
553
6686
554
6692
554
6697
554
6703
553
6709
554
6715
555
6720
555
6726
554
6732
553
6737
554
6743
554
6749
553
6755
554
6760
554
6766
555
6772
554
6778
552
6783
555
6789
553
6795
553
6800
555
6806
554
6812
555
6818
553
6823
555
6829
557
6835
554
6840
556
6846
554
6852
554
6858
555
6863
554
6869
554
6875
555
6880
555
6886
554
6892
554
6898
555
6903
555
6909
555
6915
555
6921
555
6926
554
6932
556
6938
557
6943
555
6949
554
6955
555
6961
557
6966
555
6972
555
6978
556
6983
554
6989
554
6995
555
7001
555
7006
555
7012
555
7018
553
7023
555
7029
558
7035
554
7041
555
7046
555
7052
555
7058
555
7064
554
7069
554
7075
556
7081
557
7086
555
7092
555
7098
554
7104
553
7109
554
7115
554
7121
556
7126
554
7132
555
7138
555
7144
555
7149
554
7155
555
7161
555
7166
555
7172
555
7178
555
7184
554
7189
555
7195
556
7201
555
7207
554
7212
554
7218
555
7224
554
7229
554
7235
555
7241
554
7247
555
7252
552
7258
556
7264
555
7269
554
7275
556
7281
557
7287
553
7292
554
7298
554
7304
554
7309
554
7315
555
7321
555
7327
555
7332
555
7338
556
7344
553
7350
554
7355
554
7361
556
7367
552
7372
554
7378
556
7384
554
7390
555
7395
558
7401
553
7407
555
7412
554
7418
555
7424
555
7430
555
7435
553
7441
556
7447
555
7452
558
7458
554
7464
555
7470
554
7475
554
7481
556
7487
555
7493
553
7498
554
7504
554
7510
555
7515
554
7521
555
7527
552
7533
555
7538
559
7544
555
7550
556
7555
553
7561
556
7567
553
7573
555
7578
553
7584
555
7590
555
7595
553
7601
556
7607
555
7613
553
7618
555
7624
556
7630
554
7636
555
7641
555
7647
555
7653
554
7658
555
7664
554
7670
553
7676
555
7681
553
7687
555
7693
557
7698
554
7704
555
7710
554
7716
555
7721
556
7727
554
7733
556
7738
554
7744
555
7750
553
7756
554
7761
555
7767
553
7773
555
7779
554
7784
554
7790
555
7796
555
7801
555
7807
554
7813
555
7819
556
7824
556
7830
554
7836
554
7841
554
7847
555
7853
555
7859
555
7864
554
7870
555
7876
556
7881
554
7887
553
7893
555
7899
552
7904
555
7910
556
7916
555
7922
554
7927
553
7933
553
7939
554
7944
554
7950
554
7956
556
7962
556
7967
554
7973
555
7979
554
7984
553
7990
556
7996
554
8002
555
8007
556
8013
553
8019
555
8024
555
8030
553
8036
554
8042
555
8047
557
8053
555
8059
555
8065
554
8070
554
8076
555
8082
554
8087
554
8093
553
8099
553
8105
555
8110
554
8116
554
8122
554
8127
554
8133
555
8139
553
8145
555
8150
555
8156
556
8162
554
8167
556
8173
555
8179
554
8185
555
8190
556
8196
555
8202
554
8208
555
8213
554
8219
556
8225
554
8230
555
8236
555
8242
554
8248
554
8253
555
8259
554
8265
554
8270
555
8276
555
8282
554
8288
555
8293
554
8299
555
8305
555
8310
554
8316
554
8322
556
8328
554
8333
555
8339
555
8345
554
8351
554
8356
555
8362
554
8368
551
8373
556
8379
554
8385
553
8391
555
8396
556
8402
554
8408
554
8413
555
8419
555
8425
555
8431
555
8436
555
8442
555
8448
554
8453
560
8459
555
8465
554
8471
554
8476
556
8482
555
8488
556
8494
547
8499
556
8505
554
8511
554
8516
554
8522
555
8528
555
8534
555
8539
556
8545
553
8551
554
8556
554
8562
555
8568
553
8574
556
8579
557
8585
555
8591
554
8596
554
8602
553
8608
556
8614
554
8619
554
8625
554
8631
556
8637
555
8642
554
8648
553
8654
552
8659
554
8665
555
8671
556
8677
554
8682
553
8688
553
8694
554
8699
550
8705
557
8711
554
8717
557
8722
554
8728
555
8734
554
8739
554
8745
555
8751
554
8757
554
8762
555
8768
552
8774
556
8780
553
8785
555
8791
557
8797
553
8802
556
8808
554
8814
555
8820
553
8825
552
8831
554
8837
554
8842
557
8848
553
8854
554
8860
555
8865
555
8871
555
8877
554
8882
553
8888
554
8894
555
8900
554
8905
554
8911
554
8917
555
8923
554
8928
556
8934
554
8940
553
8945
552
8951
554
8957
555
8963
554
8968
553
8974
555
8980
554
8985
555
8991
555
8997
555
9003
554
9008
556
9014
554
9020
555
9025
553
9031
556
9037
555
9043
555
9048
555
9054
553
9060
555
9066
555
9071
554
9077
553
9083
554
9088
552
9094
555
9100
554
9106
555
9111
553
9117
554
9123
555
9128
554
9134
554
9140
555
9146
553
9151
554
9157
554
9163
555
9168
554
9174
555
9180
555
9186
554
9191
554
9197
554
9203
556
9209
554
9214
555
9220
556
9226
555
9231
553
9237
555
9243
555
9249
554
9254
554
9260
555
9266
554
9271
554
9277
554
9283
555
9289
556
9294
555
9300
555
9306
554
9311
553
9317
553
9323
555
9329
554
9334
557
9340
555
9346
555
9352
553
9357
556
9363
553
9369
552
9374
555
9380
554
9386
554
9392
555
9397
555
9403
554
9409
554
9414
554
9420
554
9426
555
9432
554
9437
555
9443
554
9449
554
9454
555
9460
554
9466
555
9472
553
9477
554
9483
555
9489
556
9495
555
9500
554
9506
554
9512
554
9517
555
9523
556
9529
554
9535
554
9540
555
9546
555
9552
553
9557
554
9563
553
9569
555
9575
555
9580
556
9586
555
9592
554
9597
555
9603
553
9609
554
9615
553
9620
555
9626
555
9632
554
9638
554
9643
555
9649
555
9655
554
9660
555
9666
553
9672
556
9678
554
9683
554
9689
557
9695
554
9700
554
9706
554
9712
554
9718
552
9723
555
9729
554
9735
554
9740
555
9746
556
9752
555
9758
554
9763
554
9769
555
9775
559
9781
553
9786
555
9792
554
9798
555
9803
554
9809
554
9815
554
9821
554
9826
554
9832
556
9838
551
9843
557
9849
554
9855
556
9861
553
9866
554
9872
553
9878
555
9883
555
9889
557
9895
554
9901
555
9906
555
9912
555
9918
556
9924
555
9929
554
9935
554
9941
555
9946
551
9952
553
9958
555
9964
554
9969
554
9975
557
9981
554
9986
554
9992
554
9998
555
10004
554
10010
553
10016
557
10022
554
10029
556
10035
554
10041
555
10047
548
10054
553
10060
557
10066
553
10072
560
10078
559
10085
554
10091
555
10097
553
10103
555
10110
556
10116
555
10122
556
10128
554
10135
554
10141
555
10147
553
10153
554
10160
552
10166
554
10172
557
10178
555
10185
556
10191
554
10197
555
10203
554
10210
554
10216
555
10222
554
10228
554
10234
556
10241
554
10247
556
10253
554
10259
554
10266
557
10272
555
10278
555
10284
554
10291
556
10297
553
10303
554
10309
554
10316
555
10322
553
10328
555
10334
554
10341
554
10347
554
10353
554
10359
555
10366
553
10372
553
10378
556
10384
555
10390
554
10397
557
10403
556
10409
554
10415
554
10422
555
10428
554
10434
556
10440
555
10447
554
10453
554
10459
554
10465
556
10472
554
10478
553
10484
554
10490
554
10497
555
10503
554
10509
555
10515
554
10522
554
10528
555
10534
554
10540
554
10546
554
10553
556
10559
554
10565
555
10571
555
10578
554
10584
554
10590
554
10596
554
10603
554
10609
558
10615
553
10621
554
10628
553
10634
554
10640
554
10646
555
10653
556
10659
555
10665
554
10671
555
10678
554
10684
556
10690
553
10696
554
10702
555
10709
554
10715
554
10721
554
10727
558
10734
554
10740
557
10746
554
10752
554
10759
554
10765
554
10771
553
10777
555
10784
554
10790
554
10796
558
10802
555
10809
556
10815
554
10821
555
10827
554
10834
555
10840
555
10846
554
10852
554
10858
554
10865
554
10871
554
10877
554
10883
555
10890
556
10896
554
10902
555
10908
554
10915
554
10921
553
10927
554
10933
555
10940
554
10946
554
10952
554
10958
554
10965
554
10971
554
10977
554
10983
555
10990
554
10996
554
11002
555
11008
555
11014
554
11021
554
11027
557
11033
554
11039
555
11046
548
11052
554
11058
554
11064
554
11071
555
11077
556
11083
555
11089
555
11096
555
11102
556
11108
552
11114
556
11121
554
11127
553
11133
556
11139
553
11146
555
11152
555
11158
554
11164
553
11170
554
11177
554
11183
555
11189
554
11195
554
11202
556
11208
554
11214
554
11220
554
11227
554
11233
556
11239
554
11245
555
11252
555
11258
556
11264
556
11270
554
11277
554
11283
554
11289
555
11295
554
11302
553
11308
555
11314
554
11320
555
11326
554
11333
554
11339
554
11345
555
11351
554
11358
553
11364
553
11370
554
11376
554
11383
554
11389
556
11395
553
11401
555
11408
554
11414
554
11420
554
11426
554
11433
554
11439
553
11445
555
11451
555
11458
554
11464
555
11470
555
11476
556
11482
553
11489
553
11495
554
11501
554
11507
554
11514
553
11520
554
11526
555
11532
553
11539
555
11545
552
11551
555
11557
554
11564
555
11570
555
11576
555
11582
554
11589
555
11595
555
11601
554
11607
552
11614
554
11620
554
11626
554
11632
555
11638
553
11645
556
11651
554
11657
556
11663
555
11670
556
11676
553
11682
554
11688
554
11695
554
11701
554
11707
554
11713
554
11720
553
11726
554
11732
553
11738
555
11745
554
11751
554
11757
556
11763
557
11770
554
11776
554
11782
557
11788
554
11794
554
11801
554
11807
554
11813
554
11819
556
11826
554
11832
555
11838
554
11844
554
11851
554
11857
554
11863
553
11869
555
11876
554
11882
555
11888
553
11894
554
11901
554
11907
556
11913
554
11919
553
11926
555
11932
554
11938
553
11944
554
11950
552
11957
554
11963
554
11969
555
11975
554
11982
553
11988
554
11994
554
12000
553
12007
556
12013
554
12019
556
12025
553
12032
555
12038
556
12044
554
12050
555
12057
554
12063
556
12069
556
12075
556
12082
553
12088
555
12094
553
12100
556
12106
553
12113
554
12119
554
12125
555
12131
555
12138
553
12144
554
12150
554
12156
554
12163
554
12169
554
12175
554
12181
554
12188
555
12194
555
12200
554
12206
554
12213
554
12219
554
12225
554
12231
552
12238
555
12244
556
12250
555
12256
554
12262
554
12269
554
12275
553
12281
553
12287
553
12294
555
12300
553
12306
555
12312
555
12319
555
12325
553
12331
555
12337
554
12344
553
12350
554
12356
554
12362
553
12369
554
12375
555
12381
556
12387
554
12394
554
12400
554
12406
554
12412
555
12418
554
12425
555
12431
555
12437
554
12443
554
12450
554
12456
555
12462
553
12468
555
12475
554
12481
554
12487
555
12493
555
12500
554
12506
555
12512
554
12518
554
12525
554
12531
554
12537
553
12543
554
12550
554
12556
554
12562
558
12568
555
12574
555
12581
555
12587
556
12593
555
12599
555
12606
554
12612
555
12618
553
12624
554
12631
555
12637
556
12643
554
12649
554
12656
556
12662
555
12668
555
12674
555
12681
554
12687
556
12693
555
12699
554
12706
554
12712
555
12718
553
12724
556
12730
555
12737
555
12743
553
12749
556
12755
555
12762
554
12768
555
12774
554
12780
554
12787
552
12793
557
12799
554
12805
554
12812
555
12818
554
12824
556
12830
553
12837
554
12843
557
12849
554
12855
557
12862
554
12868
555
12874
554
12880
554
12886
553
12893
553
12899
555
12905
560
12911
554
12918
556
12924
555
12930
552
12936
554
12943
555
12949
555
12955
554
12961
554
12968
558
12974
556
12980
556
12986
554
12993
554
12999
547
13005
554
13011
555
13018
555
13024
555
13030
554
13036
555
13042
554
13049
553
13055
554
13061
553
13067
554
13074
555
13080
554
13086
554
13092
554
13099
554
13105
558
13111
555
13117
554
13124
554
13130
555
13136
553
13142
554
13149
554
13155
554
13161
555
13167
555
13174
554
13180
553
13186
554
13192
554
13198
556
13205
556
13211
554
13217
557
13223
555
13230
556
13236
554
13242
554
13248
555
13255
554
13261
555
13267
554
13273
554
13280
556
13286
554
13292
554
13298
555
13305
554
13311
555
13317
555
13323
555
13330
554
13336
553
13342
555
13348
553
13354
556
13361
554
13367
554
13373
556
13379
555
13386
554
13392
556
13398
554
13404
554
13411
554
13417
555
13423
556
13429
555
13436
554
13442
555
13448
556
13454
556
13461
554
13467
553
13473
555
13479
555
13486
556
13492
556
13498
554
13504
554
13510
558
13517
554
13523
557
13529
554
13535
554
13542
553
13548
554
13554
555
13560
554
13567
555
13573
555
13579
555
13585
555
13592
554
13598
556
13604
556
13610
553
13617
557
13623
554
13629
555
13635
555
13642
554
13648
553
13654
554
13660
555
13666
556
13673
555
13679
555
13685
555
13691
554
13698
556
13704
553
13710
555
13716
555
13723
555
13729
554
13735
556
13741
554
13748
555
13754
554
13760
555
13766
554
13773
555
13779
554
13785
555
13791
556
13798
554
13804
554
13810
554
13816
554
13822
557
13829
556
13835
554
13841
554
13847
553
13854
556
13860
554
13866
555
13872
554
13879
554
13885
555
13891
554
13897
554
13904
553
13910
555
13916
555
13922
556
13929
555
13935
554
13941
554
13947
553
13954
554
13960
554
13966
554
13972
555
13978
556
13985
555
13991
553
13997
554
14003
554
14010
555
14016
555
14022
554
14028
555
14035
552
14041
556
14047
554
14053
554
14060
549
14066
553
14072
555
14078
556
14085
555
14091
556
14097
557
14103
554
14110
555
14116
555
14122
554
14128
555
14134
555
14141
555
14147
553
14153
555
14159
555
14166
555
14172
556
14178
555
14184
553
14191
556
14197
559
14203
555
14209
555
14216
557
14222
556
14228
555
14234
556
14241
556
14247
555
14253
554
14259
555
14266
554
14272
555
14278
554
14284
554
14290
554
14297
554
14303
555
14309
553
14315
554
14322
556
14328
555
14334
555
14340
555
14347
554
14353
555
14359
554
14365
555
14372
553
14378
554
14384
555
14390
551
14397
554
14403
553
14409
555
14415
556
14422
555
14428
555
14434
553
14440
554
14446
555
14453
555
14459
554
14465
553
14471
554
14478
554
14484
554
14490
555
14496
554
14503
555
14509
555
14515
554
14521
554
14528
554
14534
555
14540
554
14546
556
14553
555
14559
554
14565
554
14571
554
14578
554
14584
553
14590
556
14596
553
14602
555
14609
552
14615
553
14621
554
14627
554
14634
555
14640
555
14646
556
14652
555
14659
554
14665
555
14671
555
14677
555
14684
552
14690
554
14696
553
14702
552
14709
555
14715
553
14721
556
14727
556
14734
556
14740
554
14746
554
14752
555
14758
553
14765
554
14771
557
14777
555
14783
555
14790
554
14796
554
14802
555
14808
555
14815
554
14821
554
14827
553
14833
554
14840
552
14846
553
14852
554
14858
552
14865
554
14871
554
14877
554
14883
554
14890
554
14896
555
14902
553
14908
555
14914
553
14921
556
14927
554
14933
556
14939
554
14946
555
14952
555
14958
556
14964
555
14971
555
14977
554
14983
555
14989
554
14996
552
15002
554
15008
554
15014
553
15021
554
15027
553
15033
557
15039
554
15046
552
15052
554
15058
554
15064
556
15070
553
15077
554
15083
555
15089
554
15095
553
15102
555
15108
555
15114
553
15120
554
15127
555
15133
554
15139
554
15145
554
15152
553
15158
555
15164
553
15170
553
15177
557
15183
555
15189
556
15195
556
15202
554
15208
555
15214
557
15220
554
15226
555
15233
556
15239
554
15245
555
15251
554
15258
554
15264
552
15270
554
15276
554
15283
554
15289
554
15295
555
15301
553
15308
553
15314
553
15320
553
15326
556
15333
553
15339
553
15345
554
15351
556
15358
554
15364
553
15370
553
15376
553
15382
554
15389
554
15395
555
15401
555
15407
555
15414
554
15420
555
15426
555
15432
553
15439
554
15445
555
15451
554
15457
556
15464
553
15470
553
15476
555
15482
554
15489
554
15495
556
15501
555
15507
554
15514
554
15520
554
15526
554
15532
555
15538
555
15545
555
15551
553
15557
555
15563
557
15570
554
15576
553
15582
554
15588
554
15595
555
15601
554
15607
556
15613
555
15620
554
15626
555
15632
554
15638
555
15645
554
15651
554
15657
555
15663
554
15670
553
15676
555
15682
554
15688
552
15694
555
15701
555
15707
555
15713
555
15719
554
15726
552
15732
554
15738
555
15744
555
15751
555
15757
555
15763
554
15769
554
15776
556
15782
554
15788
556
15794
555
15801
554
15807
555
15813
553
15819
555
15826
553
15832
555
15838
553
15844
555
15850
554
15857
554
15863
554
15869
554
15875
554
15882
554
15888
556
15894
554
15900
555
15907
554
15913
554
15919
553
15925
555
15932
555
15938
554
15944
554
15950
555
15957
555
15963
556
15969
554
15975
555
15982
555
15988
553
15994
554
16000
555
16006
555
16013
555
16019
554
16025
554
16031
556
16038
556
16044
555
16050
552
16056
555
16063
555
16069
554
16075
554
16081
553
16088
555
16094
555
16100
554
16106
555
16113
556
16119
555
16125
554
16131
554
16138
553
16144
555
16150
555
16156
556
16162
554
16169
554
16175
556
16181
554
16187
553
16194
556
16200
555
16206
555
16212
554
16219
555
16225
554
16231
554
16237
554
16244
554
16250
553
16256
554
16262
557
16269
555
16275
561
16281
555
16287
554
16294
559
16300
555
16306
553
16312
555
16318
554
16325
552
16331
554
16337
556
16343
554
16350
554
16356
559
16362
554
16368
554
16375
554
16381
553
16387
556
16393
553
16400
557
16406
556
16412
554
16418
548
16425
554
16431
555
16437
555
16443
554
16450
554
16456
556
16462
557
16468
554
16474
555
16481
557
16487
553
16493
555
16499
554
16506
554
16512
555
16518
554
16524
554
16531
553
16537
552
16543
556
16549
554
16556
556
16562
554
16568
554
16574
558
16581
556
16587
554
16593
554
16599
554
16606
556
16612
555
16618
555
16624
552
16630
553
16637
555
16643
554
16649
556
16655
556
16662
554
16668
555
16674
554
16680
554
16687
554
16693
555
16699
553
16705
554
16712
554
16718
554
16724
555
16730
556
16737
555
16743
555
16749
555
16755
554
16762
555
16768
554
16774
556
16780
553
16786
555
16793
555
16799
554
16805
555
16811
555
16818
553
16824
556
16830
555
16836
554
16843
554
16849
553
16855
554
16861
554
16868
556
16874
555
16880
555
16886
555
16893
555
16899
555
16905
556
16911
555
16918
556
16924
555
16930
556
16936
555
16942
555
16949
554
16955
553
16961
555
16967
554
16974
554
16980
554
16986
554
16992
555
16999
554
17005
554
17011
554
17017
554
17024
555
17030
554
17036
555
17042
552
17049
554
17055
556
17061
554
17067
555
17074
555
17080
555
17086
556
17092
554
17098
553
17105
554
17111
555
17117
554
17123
554
17130
554
17136
555
17142
555
17148
554
17155
555
17161
554
17167
554
17173
554
17180
553
17186
554
17192
554
17198
552
17205
555
17211
555
17217
553
17223
554
17230
554
17236
553
17242
556
17248
556
17254
555
17261
560
17267
555
17273
554
17279
554
17286
553
17292
554
17298
555
17304
555
17311
554
17317
555
17323
555
17329
554
17336
555
17342
556
17348
553
17354
553
17361
554
17367
555
17373
555
17379
553
17386
553
17392
554
17398
555
17404
556
17410
554
17417
555
17423
554
17429
555
17435
555
17442
555
17448
554
17454
553
17460
554
17467
555
17473
553
17479
555
17485
554
17492
556
17498
555
17504
555
17510
555
17517
553
17523
554
17529
554
17535
553
17542
554
17548
555
17554
555
17560
553
17566
555
17573
556
17579
553
17585
557
17591
554
17598
553
17604
554
17610
552
17616
554
17623
554
17629
555
17635
553
17641
554
17648
554
17654
553
17660
553
17666
554
17673
554
17679
556
17685
555
17691
554
17698
555
17704
556
17710
555
17716
555
17722
556
17729
553
17735
554
17741
555
17747
554
17754
554
17760
553
17766
554
17772
555
17779
556
17785
554
17791
550
17797
555
17804
555
17810
554
17816
554
17822
553
17829
554
17835
554
17841
554
17847
555
17854
554
17860
555
17866
554
17872
554
17878
555
17885
560
17891
555
17897
555
17903
555
17910
554
17916
552
17922
555
17928
555
17935
554
17941
555
17947
559
17953
555
17960
556
17966
554
17972
555
17978
552
17985
554
17991
555
17997
554
18003
554
18010
557
18016
554
18022
556
18028
555
18034
561
18041
556
18047
554
18053
555
18059
554
18066
555
18072
554
18078
555
18084
554
18091
555
18097
554
18103
555
18109
555
18116
555
18122
557
18128
555
18134
553
18141
555
18147
555
18153
554
18159
554
18166
553
18172
553
18178
554
18184
552
18190
553
18197
553
18203
556
18209
555
18215
553
18222
554
18228
556
18234
554
18240
555
18247
557
18253
554
18259
557
18265
554
18272
554
18278
557
18284
554
18290
554
18297
556
18303
554
18309
555
18315
556
18322
553
18328
555
18334
556
18340
555
18346
554
18353
554
18359
554
18365
555
18371
556
18378
554
18384
554
18390
554
18396
554
18403
555
18409
555
18415
553
18421
553
18428
555
18434
553
18440
555
18446
553
18453
553
18459
555
18465
554
18471
555
18478
554
18484
555
18490
555
18496
558
18502
554
18509
553
18515
555
18521
555
18527
555
18534
555
18540
555
18546
555
18552
554
18559
557
18565
553
18571
555
18577
554
18584
555
18590
555
18596
555
18602
553
18609
556
18615
555
18621
558
18627
555
18634
553
18640
553
18646
555
18652
554
18658
554
18665
554
18671
554
18677
554
18683
553
18690
556
18696
553
18702
555
18708
556
18715
553
18721
554
18727
554
18733
555
18740
557
18746
555
18752
554
18758
554
18765
555
18771
553
18777
556
18783
555
18790
553
18796
555
18802
555
18808
556
18814
555
18821
555
18827
554
18833
554
18839
553
18846
554
18852
551
18858
556
18864
553
18871
555
18877
554
18883
554
18889
555
18896
554
18902
556
18908
554
18914
550
18921
554
18927
555
18933
552
18939
555
18946
553
18952
554
18958
557
18964
555
18970
555
18977
555
18983
554
18989
555
18995
556
19002
555
19008
552
19014
554
19020
554
19027
555
19033
555
19039
553
19045
556
19052
554
19058
555
19064
554
19070
553
19077
555
19083
555
19089
555
19095
553
19102
553
19108
554
19114
555
19120
556
19126
556
19133
554
19139
554
19145
555
19151
555
19158
555
19164
553
19170
554
19176
553
19183
553
19189
556
19195
554
19201
555
19208
555
19214
554
19220
554
19226
555
19233
554
19239
555
19245
552
19251
556
19258
554
19264
556
19270
554
19276
553
19282
554
19289
555
19295
554
19301
555
19307
556
19314
554
19320
554
19326
555
19332
555
19339
557
19345
557
19351
554
19357
555
19364
555
19370
556
19376
555
19382
556
19389
554
19395
554
19401
554
19407
554
19414
553
19420
554
19426
556
19432
556
19438
554
19445
555
19451
555
19457
554
19463
556
19470
553
19476
554
19482
555
19488
554
19495
554
19501
553
19507
553
19513
553
19520
555
19526
555
19532
554
19538
555
19545
555
19551
554
19557
555
19563
555
19570
554
19576
554
19582
554
19588
554
19594
554
19601
554
19607
554
19613
558
19619
554
19626
556
19632
559
19638
555
19644
555
19651
557
19657
555
19663
554
19669
555
19676
555
19682
553
19688
555
19694
555
19701
559
19707
555
19713
553
19719
554
19726
555
19732
555
19738
555
19744
556
19750
555
19757
554
19763
555
19769
556
19775
555
19782
554
19788
556
19794
555
19800
556
19807
557
19813
555
19819
555
19825
555
19832
554
19838
554
19844
556
19850
555
19857
556
19863
554
19869
557
19875
555
19882
555
19888
555
19894
556
19900
555
19906
554
19913
555
19919
554
19925
555
19931
553
19938
555
19944
556
19950
557
19956
557
19963
557
19969
555
19975
556
19981
555
19988
554
19994
555
20000
555
20006
557
20013
555
20019
555
20025
554
20031
555
20038
557
20044
554
20050
555
20056
554
20062
555
20069
555
20075
555
20081
556
20087
555
20094
552
20100
556
20106
556
20112
556
20119
557
20125
555
20131
554
20137
554
20144
554
20150
556
20156
554
20162
556
20169
555
20175
555
20181
554
20187
556
20194
555
20200
555
20206
557
20212
553
20218
554
20225
556
20231
554
20237
554
20243
553
20250
554
20256
556
20262
555
20268
555
20275
556
20281
555
20287
556
20293
556
20300
556
20306
558
20312
555
20318
556
20325
556
20331
554
20337
556
20343
555
20350
556
20356
555
20362
554
20368
554
20374
556
20381
559
20387
554
20393
555
20399
556
20406
556
20412
556
20418
555
20424
555
20431
554
20437
556
20443
554
20449
555
20456
555
20462
555
20468
556
20474
556
20481
554
20487
555
20493
553
20499
554
20506
557
20512
555
20518
555
20524
556
20530
554
20537
556
20543
553
20549
555
20555
556
20562
554
20568
556
20574
556
20580
555
20587
557
20593
554
20599
555
20605
555
20612
555
20618
558
20624
556
20630
557
20637
555
20643
555
20649
554
20655
554
20662
556
20668
554
20674
555
20680
555
20686
557
20693
555
20699
556
20705
555
20711
561
20718
555
20724
558
20730
554
20736
555
20743
553
20749
554
20755
556
20761
556
20768
555
20774
554
20780
555
20786
555
20793
555
20799
555
20805
556
20811
555
20818
556
20824
554
20830
553
20836
556
20842
555
20849
556
20855
556
20861
556
20867
556
20874
556
20880
555
20886
554
20892
555
20899
550
20905
555
20911
555
20917
555
20924
554
20930
548
20936
554
20942
554
20949
556
20955
555
20961
557
20967
555
20974
555
20980
554
20986
555
20992
554
20998
555
21005
555
21011
555
21017
555
21023
556
21030
554
21036
555
21042
555
21048
555
21055
555
21061
554
21067
557
21073
555
21080
554
21086
554
21092
555
21098
555
21105
555
21111
554
21117
556
21123
555
21130
555
21136
554
21142
555
21148
558
21154
555
21161
555
21167
556
21173
555
21179
555
21186
556
21192
556
21198
553
21204
554
21211
555
21217
555
21223
556
21229
555
21236
555
21242
559
21248
554
21254
555
21261
556
21267
556
21273
558
21279
555
21286
555
21292
556
21298
555
21304
556
21310
555
21317
555
21323
555
21329
555
21335
556
21342
556
21348
554
21354
555
21360
555
21367
557
21373
556
21379
557
21385
553
21392
557
21398
556
21404
556
21410
556
21417
555
21423
555
21429
557
21435
556
21442
556
21448
555
21454
554
21460
556
21466
554
21473
554
21479
556
21485
555
21491
556
21498
556
21504
555
21510
554
21516
556
21523
556
21529
554
21535
556
21541
555
21548
553
21554
555
21560
554
21566
555
21573
556
21579
555
21585
556
21591
554
21598
558
21604
555
21610
555
21616
556
21622
555
21629
556
21635
554
21641
557
21647
556
21654
554
21660
556
21666
555
21672
556
21679
556
21685
555
21691
556
21697
554
21704
555
21710
554
21716
555
21722
557
21729
555
21735
555
21741
554
21747
554
21754
556
21760
554
21766
556
21772
555
21778
555
21785
558
21791
555
21797
553
21803
555
21810
556
21816
557
21822
554
21828
554
21835
555
21841
555
21847
556
21853
554
21860
553
21866
553
21872
553
21878
556
21885
555
21891
556
21897
555
21903
554
21910
556
21916
555
21922
555
21928
557
21934
554
21941
556
21947
555
21953
556
21959
555
21966
555
21972
555
21978
555
21984
556
21991
556
21997
555
22003
554
22009
555
22016
554
22022
556
22028
556
22034
556
22041
556
22047
554
22053
555
22059
555
22066
556
22072
555
22078
555
22084
555
22090
555
22097
554
22103
553
22109
554
22115
554
22122
554
22128
556
22134
tStart
554
22145
tStart
554
22155
tStart
555
22165
tStart
555
22176
tStart
555
22186
tStart
555
22197
tStart
555
22207
tStart
555
22217
tStart
555
22228
tStart
554
22238
tStart
555
22249
tStart
553
22259
tStart
556
22269
tStart
554
22280
tStart
554
22290
tStart
553
22301
tStart
555
22311
tStart
552
22321
tStart
552
22332
tStart
557
22342
tStart
555
22353
tStart
555
22363
tStart
555
22373
tStart
556
22384
tStart
554
22394
tStart
556
22405
tStart
556
22415
tStart
554
22425
tStart
553
22436
tStart
554
22446
tStart
554
22457
tStart
554
22467
tStart
554
22477
tStart
555
22488
tStart
556
22498
tStart
555
22509
tStart
554
22519
tStart
554
22529
tStart
552
22540
tStart
552
22550
tStart
554
22561
tStart
555
22571
tStart
555
22581
tStart
556
22592
tStart
555
22602
tStart
553
22613
tStart
555
22623
tStart
554
22633
tStart
554
22644
tStart
553
22654
tStart
555
22665
tStart
563
22675
tStart
576
22685
tStart
595
22696
tStart
610
22706
tStart
623
22717
tStart
638
22727
tStart
648
22737
tStart
657
22748
tStart
664
22758
tStart
674
22769
tStart
685
22779
tStart
689
22789
tStart
700
22800
tStart
708
22810
tStart
719
22821
tStart
730
22831
tStart
731
22841
tStart
742
22852
tStart
754
22862
tStart
764
22873
tStart
778
22883
tStart
788
22893
tStart
802
22904
tStart
812
22914
tStart
824
22925
tStart
830
22935
tStart
840
22945
tStart
847
22956
tStart
853
22966
tStart
859
22977
tStart
864
22987
tStart
870
22997
tStart
874
23008
tStart
879
23018
tStart
880
23029
tStart
885
23039
tStart
887
23049
tStart
889
23060
tStart
892
23070
tStart
895
23081
tStart
900
23091
tStart
906
23101
tStart
909
23112
tStart
916
23122
tStart
922
23133
tStart
925
23143
tStart
931
23153
tStart
933
23164
tStart
934
23174
tStart
934
23185
tStart
935
23195
tStart
935
23205
tStart
938
23216
tStart
938
23226
tStart
942
23237
tStart
947
23247
tStart
950
23257
tStart
955
23268
tStart
958
23278
tStart
958
23289
tStart
961
23299
tStart
961
23309
tStart
964
23320
tStart
968
23330
tStart
971
23341
tStart
977
23351
tStart
977
23361
tStart
980
23372
tStart
979
23382
tStart
976
23393
tStart
973
23403
tStart
970
23413
tStart
963
23424
tStart
953
23434
tStart
945
23445
tStart
936
23455
tStart
923
23465
tStart
905
23476
tStart
884
23486
tStart
861
23497
tStart
836
23507
tStart
812
23517
tStart
790
23528
tStart
778
23538
tStart
753
23549
tStart
734
23559
tStart
714
23569
tStart
696
23580
tStart
679
23590
tStart
659
23601
tStart
642
23611
tStart
625
23621
tStart
610
23632
tStart
591
23642
tStart
581
23653
tStart
569
23663
tStart
557
23673
tStart
550
23684
tStart
542
23694
tStart
537
23705
tStart
542
23715
tStart
554
23725
tStart
568
23736
tStart
575
23746
tStart
564
23757
tStart
549
23767
tStart
538
23777
tStart
542
23788
tStart
559
23798
tStart
570
23809
tStart
571
23819
tStart
558
23829
tStart
544
23840
tStart
539
23850
tStart
550
23861
tStart
567
23871
tStart
576
23881
tStart
570
23892
tStart
554
23902
tStart
540
23913
tStart
541
23923
tStart
557
23933
tStart
568
23944
tStart
573
23954
tStart
563
23965
tStart
547
23975
tStart
538
23985
tStart
545
23996
tStart
562
24006
tStart
572
24017
tStart
570
24027
tStart
554
24037
tStart
543
24048
tStart
542
24058
tStart
553
24069
tStart
568
24079
tStart
574
24089
tStart
565
24100
tStart
550
24110
tStart
539
24121
tStart
542
24131
tStart
559
24141
tStart
570
24152
tStart
570
24162
tStart
559
24173
tStart
547
24183
tStart
537
24193
tStart
550
24204
tStart
562
24214
tStart
573
24225
tStart
567
24235
tStart
553
24245
tStart
543
24256
tStart
542
24266
tStart
554
24277
tStart
566
24287
tStart
570
24297
tStart
562
24308
tStart
548
24318
tStart
542
24329
tStart
547
24339
tStart
560
24349
tStart
571
24360
tStart
571
24370
tStart
558
24381
tStart
544
24391
tStart
542
24401
tStart
552
24412
tStart
563
24422
tStart
571
24433
tStart
564
24443
tStart
553
24453
tStart
541
24464
tStart
543
24474
tStart
556
24485
tStart
576
24495
tStart
575
24505
tStart
561
24516
tStart
545
24526
tStart
539
24537
tStart
545
24547
tStart
559
24557
tStart
567
24568
tStart
563
24578
tStart
550
24589
tStart
543
24599
tStart
542
24609
tStart
555
24620
tStart
568
24630
tStart
570
24641
tStart
564
24651
tStart
552
24661
tStart
543
24672
tStart
548
24682
tStart
561
24693
tStart
570
24703
tStart
570
24713
tStart
558
24724
tStart
544
24734
tStart
544
24745
tStart
544
24755
tStart
553
24765
tStart
563
24776
tStart
560
24786
tStart
548
24797
tStart
544
24807
tStart
550
24817
tStart
559
24828
tStart
571
24838
tStart
574
24849
tStart
565
24859
tStart
547
24869
tStart
544
24880
tStart
547
24890
tStart
562
24901
tStart
568
24911
tStart
566
24921
tStart
557
24932
tStart
546
24942
tStart
545
24953
tStart
554
24963
tStart
563
24973
tStart
569
24984
tStart
562
24994
tStart
549
25005
tStart
543
25015
tStart
546
25025
tStart
560
25036
tStart
569
25046
tStart
568
25057
tStart
557
25067
tStart
549
25077
tStart
544
25088
tStart
551
25098
tStart
565
25109
tStart
569
25119
tStart
566
25129
tStart
553
25140
tStart
544
25150
tStart
545
25161
tStart
555
25171
tStart
567
25181
tStart
569
25192
tStart
561
25202
tStart
550
25213
tStart
544
25223
tStart
549
25233
tStart
562
25244
tStart
568
25254
tStart
568
25265
tStart
555
25275
tStart
545
25285
tStart
543
25296
tStart
551
25306
tStart
564
25317
tStart
568
25327
tStart
562
25337-22134
tStart
551
25348
546
25354
544
25360
545
25366
552
25373
558
25379
566
25385
568
25391
568
25398
563
25404
558
25410
552
25416
545
25423
544
25429
546
25435
551
25441
559
25448
564
25454
564
25460
568
25466
563
25473
558
25479
550
25485
547
25491
545
25498
545
25504
551
25510
559
25516
564
25522
569
25529
567
25535
563
25541
558
25547
551
25554
544
25560
544
25566
547
25572
551
25579
558
25585
563
25591
568
25597
568
25604
565
25610
558
25616
550
25622
547
25629
542
25635
547
25641
551
25647
558
25654
563
25660
566
25666
567
25672
563
25678
557
25685
551
25691
547
25697
544
25703
546
25710
552
25716
556
25722
564
25728
566
25735
567
25741
564
25747
557
25753
552
25760
548
25766
543
25772
547
25778
551
25785
559
25791
564
25797
566
25803
567
25810
564
25816
559
25822
551
25828
548
25834
545
25841
549
25847
554
25853
556
25859
562
25866
567
25872
566
25878
563
25884
558
25891
550
25897
547
25903
544
25909
547
25916
549
25922
556
25928
562
25934
567
25941
569
25947
564
25953
557
25959
555
25966
549
25972
546
25978
547
25984
550
25990
558
25997
562
26003
566
26009
567
26015
563
26022
558
26028
552
26034
546
26040
546
26047
547
26053
551
26059
556
26065
563
26072
566
26078
566
26084
563
26090
559
26097
551
26103
548
26109
547
26115
546
26122
551
26128
557
26134
562
26140
566
26146
567
26153
564
26159
558
26165
552
26171
548
26178
545
26184
547
26190
552
26196
557
26203
564
26209
565
26215
565
26221
563
26228
560
26234
549
26240
549
26246
545
26253
547
26259
551
26265
557
26271
562
26278
565
26284
568
26290
566
26296
557
26302
552
26309
549
26315
549
26321
548
26327
552
26334
558
26340
562
26346
565
26352
566
26359
563
26365
558
26371
553
26377
551
26384
547
26390
548
26396
551
26402
559
26409
562
26415
567
26421
566
26427
564
26434
558
26440
553
26446
548
26452
546
26458
547
26465
551
26471
556
26477
561
26483
564
26490
566
26496
561
26502
559
26508
554
26515
550
26521
547
26527
546
26533
551
26540
556
26546
561
26552
565
26558
567
26565
563
26571
559
26577
553
26583
548
26590
546
26596
547
26602
550
26608
553
26614
561
26621
563
26627
565
26633
562
26639
558
26646
553
26652
549
26658
547
26664
547
26671
550
26677
556
26683
561
26689
565
26696
566
26702
562
26708
559
26714
554
26721
549
26727
546
26733
547
26739
550
26746
556
26752
561
26758
565
26764
567
26770
564
26777
559
26783
552
26789
549
26795
546
26802
547
26808
551
26814
555
26820
561
26827
564
26833
566
26839
563
26845
559
26852
555
26858
549
26864
548
26870
547
26877
551
26883
556
26889
559
26895
565
26902
566
26908
565
26914
559
26920
554
26926
550
26933
548
26939
548
26945
551
26951
555
26958
560
26964
560
26970
565
26976
564
26983
559
26989
554
26995
549
27001
547
27008
549
27014
550
27020
555
27026
559
27033
563
27039
566
27045
563
27051
559
27058
553
27064
549
27070
549
27076
548
27082
550
27089
555
27095
558
27101
566
27107
565
27114
563
27120
560
27126
553
27132
550
27139
549
27145
547
27151
550
27157
555
27164
560
27170
563
27176
565
27182
563
27189
558
27195
555
27201
552
27207
547
27214
549
27220
548
27226
556
27232
559
27238
563
27245
563
27251
563
27257
560
27263
555
27270
549
27276
547
27282
547
27288
551
27295
557
27301
560
27307
563
27313
565
27320
562
27326
559
27332
555
27338
550
27345
548
27351
548
27357
550
27363
553
27370
559
27376
561
27382
565
27388
563
27394
559
27401
553
27407
552
27413
549
27419
549
27426
551
27432
554
27438
559
27444
563
27451
562
27457
564
27463
560
27469
555
27476
552
27482
549
27488
547
27494
551
27501
556
27507
559
27513
562
27519
565
27526
563
27532
561
27538
556
27544
550
27550
546
27557
551
27563
552
27569
556
27575
559
27582
564
27588
563
27594
563
27600
559
27607
554
27613
548
27619
548
27625
549
27632
552
27638
555
27644
559
27650
561
27657
564
27663
565
27669
560
27675
554
27682
552
27688
549
27694
549
27700
551
27706
554
27713
559
27719
562
27725
562
27731
563
27738
559
27744
554
27750
552
27756
550
27763
549
27769
552
27775
554
27781
558
27788
561
27794
563
27800
563
27806
560
27813
556
27819
551
27825
550
27831
548
27838
550
27844
557
27850
558
27856
561
27862
563
27869
562
27875
561
27881
555
27887
554
27894
549
27900
548
27906
552
27912
554
27919
559
27925
561
27931
562
27937
563
27944
557
27950
556
27956
551
27962
549
27969
549
27975
551
27981
554
27987
557
27994
561
28000
562
28006
562
28012
tStart
557
28023
tStart
551
28033
tStart
550
28043
tStart
554
28054
tStart
557
28064
tStart
564
28075
tStart
561
28085
tStart
553
28095
tStart
551
28106
tStart
549
28116
tStart
554
28127
tStart
561
28137
tStart
563
28147
tStart
559
28158
tStart
552
28168
tStart
549
28179
tStart
552
28189
tStart
558
28199
tStart
563
28210
tStart
562
28220
tStart
556
28231
tStart
551
28241
tStart
550
28251
tStart
554
28262
tStart
560
28272
tStart
565
28283
tStart
559
28293
tStart
554
28303
tStart
549
28314
tStart
552
28324
tStart
556
28335
tStart
562
28345
tStart
561
28355
tStart
556
28366
tStart
552
28376
tStart
546
28387
tStart
553
28397
tStart
559
28407
tStart
561
28418
tStart
563
28428
tStart
553
28439
tStart
545
28449
tStart
551
28459
tStart
555
28470
tStart
560
28480
tStart
562
28491
tStart
559
28501
tStart
553
28511
tStart
552
28522
tStart
553
28532
tStart
556
28543
tStart
562
28553
tStart
560
28563
tStart
556
28574
tStart
551
28584
tStart
550
28595
tStart
554
28605
tStart
560
28615
tStart
562
28626
tStart
560
28636
tStart
553
28647
tStart
551
28657
tStart
551
28667
tStart
556
28678
tStart
561
28688
tStart
561
28699
tStart
558
28709
tStart
553
28719
tStart
549
28730
tStart
551
28740
tStart
557
28751
tStart
562
28761
tStart
560
28771
tStart
556
28782
tStart
552
28792
tStart
551
28803
tStart
554
28813
tStart
561
28823
tStart
562
28834
tStart
558
28844
tStart
552
28855
tStart
551
28865
tStart
550
28875
tStart
557
28886
tStart
562
28896
tStart
561
28907
tStart
557
28917
tStart
552
28927
tStart
549
28938
tStart
555
28948
tStart
557
28959
tStart
560
28969
tStart
560
28979
tStart
555
28990
tStart
551
29000
tStart
552
29011
tStart
556
29021
tStart
562
29031
tStart
564
29042
tStart
559
29052
tStart
553
29063
tStart
550
29073
tStart
552
29083
tStart
559
29094
tStart
561
29104
tStart
560
29115
tStart
556
29125
tStart
552
29135
tStart
551
29146
tStart
555
29156
tStart
557
29167
tStart
561
29177
tStart
558
29187
tStart
554
29198
tStart
552
29208
tStart
551
29219
tStart
558
29229
tStart
559
29239
tStart
561
29250
tStart
556
29260
tStart
552
29271
tStart
551
29281
tStart
554
29291
tStart
560
29302
tStart
562
29312
tStart
558
29323
tStart
555
29333
tStart
551
29343
tStart
550
29354
tStart
554
29364
tStart
559
29375
tStart
563
29385
tStart
556
29395
tStart
554
29406
tStart
552
29416
tStart
552
29427
tStart
558
29437
tStart
560
29447
tStart
562
29458
tStart
556
29468
tStart
553
29479
tStart
551
29489
tStart
554
29499
tStart
559
29510
tStart
561
29520
tStart
559
29531
tStart
554
29541
tStart
552
29551
tStart
552
29562
tStart
557
29572
tStart
560
29583
tStart
560
29593
tStart
556
29603
tStart
554
29614
tStart
551
29624
tStart
553
29635
tStart
559
29645
tStart
560
29655
tStart
559
29666
tStart
555
29676
tStart
552
29687
tStart
552
29697
tStart
555
29707
tStart
560
29718
tStart
561
29728
tStart
556
29739
tStart
553
29749
tStart
550
29759
tStart
561
29770
tStart
578
29780
tStart
592
29791
tStart
605
29801
tStart
617
29811
tStart
628
29822
tStart
644
29832
tStart
658
29843
tStart
671
29853
tStart
682
29863
tStart
694
29874
tStart
705
29884
tStart
718
29895
tStart
720
29905
tStart
730
29915
tStart
741
29926
tStart
754
29936
tStart
764
29947
tStart
779
29957
tStart
793
29967
tStart
806
29978
tStart
819
29988
tStart
827
29999
tStart
837
30009
tStart
844
30019
tStart
849
30030
tStart
854
30040
tStart
856
30051
tStart
863
30061
tStart
865
30071
tStart
870
30082
tStart
872
30092
tStart
874
30103
tStart
875
30113
tStart
872
30123
tStart
870
30134
tStart
867
30144
tStart
864
30155
tStart
859
30165
tStart
853
30175
tStart
844
30186
tStart
831
30196
tStart
814
30207
tStart
797
30217
tStart
775
30227
tStart
751
30238
tStart
730
30248
tStart
706
30259
tStart
684
30269
tStart
668
30279
tStart
647
30290
tStart
631
30300
tStart
615
30311
tStart
601
30321
tStart
585
30331
tStart
570
30342
tStart
560
30352
tStart
550
30363
tStart
548
30373
tStart
546
30383
tStart
557
30394
tStart
564
30404
tStart
566
30415
tStart
560
30425
tStart
550
30435
tStart
548
30446
tStart
550
30456
tStart
559
30467
tStart
566
30477
tStart
564
30487
tStart
555
30498
tStart
548
30508
tStart
547
30519
tStart
554
30529
tStart
562
30539
tStart
565
30550
tStart
561
30560
tStart
552
30571
tStart
547
30581
tStart
548
30591
tStart
557
30602
tStart
564
30612
tStart
564
30623
tStart
558
30633
tStart
549
30643
tStart
547
30654
tStart
553
30664
tStart
560
30675
tStart
565
30685
tStart
563
30695
tStart
555
30706
tStart
548
30716
tStart
546
30727
tStart
556
30737
tStart
561
30747
tStart
566
30758
tStart
560
30768
tStart
553
30779
tStart
548
30789
tStart
552
30799
tStart
558
30810
tStart
564
30820
tStart
562
30831
tStart
556
30841
tStart
550
30851
tStart
547
30862
tStart
554
30872
tStart
561
30883
tStart
565
30893
tStart
560
30903
tStart
554
30914
tStart
550
30924
tStart
550
30935
tStart
557
30945
tStart
562
30955
tStart
563
30966
tStart
557
30976
tStart
551
30987
tStart
547
30997
tStart
552
31007
tStart
560
31018
tStart
563
31028
tStart
562
31039
tStart
557
31049
tStart
550
31059
tStart
550
31070
tStart
555
31080
tStart
562
31091
tStart
565
31101
tStart
558
31111
tStart
552
31122
tStart
549
31132
tStart
551
31143
tStart
557
31153
tStart
564
31163
tStart
563
31174
tStart
558
31184
tStart
550
31195
tStart
548
31205
tStart
554
31215
tStart
560
31226
tStart
565
31236
tStart
561
31247
tStart
553
31257
tStart
549
31267
tStart
551
31278
tStart
557
31288
tStart
562
31299
tStart
563
31309
tStart
559
31319
tStart
552
31330
tStart
549
31340
tStart
552
31351
tStart
559
31361
tStart
564
31371
tStart
562
31382
tStart
555
31392
tStart
550
31403
tStart
551
31413
tStart
554
31423
tStart
562
31434
tStart
564
31444
tStart
560
31455
tStart
553
31465
tStart
549
31475
tStart
550
31486
tStart
559
31496
tStart
562
31507
tStart
563
31517
tStart
558
31527
tStart
551
31538
tStart
551
31548
tStart
554
31559
tStart
560
31569
tStart
564
31579
tStart
560
31590
tStart
554
31600
tStart
548
31611
tStart
550
31621
tStart
556
31631
tStart
558
31642
tStart
563
31652
tStart
558
31663
tStart
555
31673
tStart
549
31683
tStart
553
31694
tStart
559
31704
tStart
563
31715
tStart
561
31725
tStart
557
31735
tStart
551
31746
tStart
550
31756
tStart
555
31767
tStart
560
31777
tStart
563
31787
tStart
559
31798
tStart
554
31808
tStart
549
31819
tStart
550
31829
tStart
557
31839
tStart
562
31850
tStart
563
31860
tStart
556
31871
tStart
551
31881
tStart
550
31891
tStart
554
31902
tStart
559
31912
tStart
563
31923
tStart
561
31933
tStart
555
31943
tStart
550
31954
tStart
551
31964
tStart
556
31975
tStart
563
31985
tStart
564
31995
tStart
558
32006
tStart
555
32016
tStart
549
32027
tStart
553
32037
tStart
559
32047
tStart
564
32058
tStart
562
32068
tStart
556
32079
tStart
550
32089
tStart
550
32099
tStart
554
32110
tStart
560
32120
tStart
562
32131
tStart
559
32141
tStart
553
32151
tStart
550
32162
tStart
550
32172
tStart
557
32183
tStart
562
32193
tStart
561
32203
tStart
558
32214
tStart
554
32224
tStart
549
32235
tStart
553
32245
tStart
559
32255
tStart
562
32266
tStart
562
32276
tStart
555
32287
tStart
552
32297
tStart
550
32307
tStart
556
32318
tStart
560
32328
tStart
562
32339
tStart
558
32349
tStart
554
32359
tStart
550
32370
tStart
553
32380
tStart
558
32391
tStart
562
32401
tStart
562
32411
557
32418
555
32424
552
32430
551
32436
551
32443
552
32449
556
32455
560
32461
561
32468
562
32474
561
32480
558
32486
556
32493
552
32499
551
32505
551
32511
552
32518
555
32524
560
32530
562
32536
561
32542
561
32549
558
32555
555
32561
552
32567
551
32574
551
32580
552
32586
557
32592
559
32599
561
32605
563
32611
560
32617
558
32624
555
32630
551
32636
548
32642
551
32649
553
32655
557
32661
559
32667
561
32674
563
32680
562
32686
559
32692
555
32698
553
32705
551
32711
551
32717
553
32723
556
32730
560
32736
561
32742
562
32748
562
32755
559
32761
556
32767
553
32773
553
32780
552
32786
553
32792
556
32798
559
32805
562
32811
562
32817
561
32823
558
32830
555
32836
553
32842
550
32848
550
32854
554
32861
556
32867
559
32873
562
32879
560
32886
560
32892
559
32898
555
32904
553
32911
550
32917
551
32923
554
32929
556
32936
558
32942
561
32948
561
32954
561
32961
556
32967
557
32973
551
32979
550
32986
551
32992
554
32998
557
33004
559
33010
561
33017
561
33023
563
33029
559
33035
554
33042
553
33048
551
33054
553
33060
553
33067
555
33073
557
33079
560
33085
561
33092
560
33098
557
33104
555
33110
553
33117
552
33123
552
33129
552
33135
555
33142
558
33148
560
33154
560
33160
560
33166
559
33173
556
33179
553
33185
552
33191
552
33198
554
33204
555
33210
558
33216
560
33223
560
33229
561
33235
558
33241
556
33248
554
33254
551
33260
552
33266
557
33273
557
33279
557
33285
560
33291
561
33298
560
33304
557
33310
556
33316
554
33322
552
33329
551
33335
552
33341
556
33347
556
33354
559
33360
561
33366
559
33372
559
33379
556
33385
554
33391
552
33397
553
33404
553
33410
555
33416
559
33422
561
33429
562
33435
562
33441
557
33447
555
33454
554
33460
553
33466
552
33472
554
33478
556
33485
559
33491
560
33497
561
33503
559
33510
558
33516
554
33522
554
33528
553
33535
551
33541
555
33547
556
33553
559
33560
560
33566
560
33572
560
33578
558
33585
554
33591
553
33597
550
33603
552
33610
553
33616
555
33622
559
33628
tStart
559
33639
tStart
560
33649
tStart
557
33659
tStart
553
33670
tStart
553
33680
tStart
554
33691
tStart
559
33701
tStart
561
33711
tStart
558
33722
tStart
555
33732
tStart
552
33743
tStart
553
33753
tStart
558
33763
tStart
561
33774
tStart
561
33784
tStart
556
33795
tStart
554
33805
tStart
553
33815
tStart
552
33826
tStart
560
33836
tStart
558
33847
tStart
559
33857
tStart
554
33867
tStart
553
33878
tStart
551
33888
tStart
556
33899
tStart
561
33909
tStart
562
33919
tStart
559
33930
tStart
555
33940
tStart
552
33951
tStart
554
33961
tStart
558
33971
tStart
561
33982
tStart
560
33992
tStart
557
34003
tStart
553
34013
tStart
554
34023
tStart
557
34034
tStart
560
34044
tStart
559
34055
tStart
560
34065
tStart
556
34075
tStart
553
34086
tStart
554
34096
tStart
556
34107
tStart
561
34117
tStart
560
34127
tStart
556
34138
tStart
555
34148
tStart
552
34159
tStart
556
34169
tStart
558
34179
tStart
561
34190
tStart
560
34200
tStart
556
34211
tStart
554
34221
tStart
554
34231
tStart
556
34242
tStart
560
34252
tStart
559
34263
tStart
557
34273
tStart
554
34283
tStart
554
34294
tStart
555
34304
tStart
557
34315
tStart
561
34325
tStart
561
34335
tStart
558
34346
tStart
553
34356
tStart
553
34367
tStart
555
34377
tStart
558
34387
tStart
561
34398
tStart
558
34408
tStart
554
34419
tStart
552
34429
tStart
554
34439
tStart
557
34450
tStart
560
34460
tStart
559
34471
tStart
557
34481
tStart
553
34491
tStart
553
34502
tStart
555
34512
tStart
556
34523
tStart
560
34533
tStart
559
34543
tStart
553
34554
tStart
554
34564
tStart
552
34575
tStart
557
34585
tStart
559
34595
tStart
561
34606
tStart
558
34616
tStart
554
34627
tStart
553
34637
tStart
555
34647
tStart
556
34658
tStart
560
34668
tStart
559
34679
tStart
558
34689
tStart
553
34699
tStart
554
34710
tStart
556
34720
tStart
558
34731
tStart
561
34741
tStart
559
34751
tStart
557
34762
tStart
554
34772
tStart
553
34783
tStart
556
34793
tStart
561
34803
tStart
560
34814
tStart
557
34824
tStart
554
34835
tStart
555
34845
tStart
553
34855
tStart
557
34866
tStart
560
34876
tStart
557
34887
tStart
556
34897
tStart
553
34907
tStart
554
34918
tStart
558
34928
tStart
558
34939
tStart
560
34949
tStart
558
34959
tStart
554
34970
tStart
555
34980
tStart
553
34991
tStart
558
35001
tStart
559
35011
tStart
559
35022
tStart
557
35032
tStart
553
35043
tStart
552
35053
tStart
555
35063
tStart
559
35074
tStart
558
35084
tStart
558
35095
tStart
556
35105
tStart
557
35115
tStart
554
35126
tStart
557
35136
tStart
558
35147
tStart
558
35157
tStart
556
35167
tStart
555
35178
tStart
554
35188
tStart
555
35199
tStart
558
35209
tStart
558
35219
tStart
559
35230
tStart
557
35240
tStart
553
35251
tStart
552
35261
tStart
559
35271
tStart
560
35282
tStart
560
35292
tStart
556
35303
tStart
556
35313
tStart
554
35323
tStart
555
35334
tStart
559
35344
tStart
556
35355
tStart
562
35365
tStart
555
35375
tStart
554
35386
tStart
554
35396
tStart
555
35407
tStart
559
35417
tStart
559
35427
tStart
557
35438
tStart
554
35448
tStart
554
35459
tStart
554
35469
tStart
560
35479
tStart
558
35490
tStart
557
35500
tStart
556
35511
tStart
555
35521
tStart
554
35531
tStart
556
35542
tStart
558
35552
tStart
560
35563
tStart
558
35573
tStart
556
35583
tStart
555
35594
tStart
554
35604
tStart
557
35615
tStart
560
35625
tStart
560
35635
tStart
558
35646
tStart
556
35656
tStart
553
35667
tStart
555
35677
tStart
558
35687
tStart
559
35698
tStart
558
35708
tStart
557
35719
tStart
556
35729
tStart
553
35739
tStart
556
35750
tStart
558
35760
tStart
559
35771
tStart
558
35781
tStart
556
35791
tStart
552
35802
tStart
556
35812
tStart
556
35823
tStart
559
35833
tStart
559
35843
tStart
556
35854
tStart
555
35864
tStart
554
35875
tStart
557
35885
tStart
557
35895
tStart
558
35906
tStart
557
35916
tStart
555
35927
tStart
554
35937
tStart
555
35947
tStart
557
35958
tStart
557
35968
tStart
559
35979
tStart
556
35989
tStart
555
35999
tStart
554
36010
tStart
554
36020
tStart
556
36031
tStart
559
36041
tStart
560
36051
tStart
557
36062
tStart
556
36072
tStart
554
36083
tStart
556
36093
tStart
557
36103
tStart
559
36114
tStart
558
36124
tStart
554
36135
tStart
554
36145
tStart
554
36155
tStart
558
36166
tStart
559
36176
tStart
558
36187
tStart
556
36197
tStart
554
36207
tStart
554
36218
tStart
555
36228
tStart
557
36239
tStart
558
36249
tStart
556
36259
tStart
556
36270
tStart
555
36280
tStart
555
36291
tStart
557
36301
tStart
557
36311
tStart
558
36322
tStart
558
36332
tStart
554
36343
tStart
554
36353
tStart
556
36363
tStart
556
36374
tStart
559
36384
tStart
557
36395
tStart
556
36405
tStart
554
36415
tStart
555
36426
tStart
556
36436
tStart
557
36447
tStart
559
36457
tStart
558
36467
tStart
555
36478
tStart
554
36488
tStart
555
36499
tStart
556
36509
tStart
556
36519
tStart
558
36530
tStart
557
36540
tStart
552
36551
tStart
554
36561
tStart
555
36571
tStart
559
36582
tStart
559
36592
tStart
558
36603
tStart
558
36613
tStart
554
36623
tStart
554
36634
tStart
554
36644
tStart
558
36655
tStart
559
36665
tStart
557
36675
tStart
554
36686
tStart
555
36696
tStart
555
36707
tStart
557
36717
tStart
558
36727
tStart
558
36738
tStart
556
36748
tStart
555
36759
tStart
554
36769
tStart
556
36779
tStart
558
36790
tStart
559
36800
tStart
556
36811
tStart
554
36821
tStart
552
36831
tStart
555
36842
tStart
556
36852
tStart
558
36863
tStart
559
36873
tStart
556
36883
tStart
554
36894
tStart
554
36904
tStart
556
36915
tStart
557
36925
tStart
558
36935
tStart
558
36946
tStart
555
36956
tStart
554
36967
tStart
554
36977
tStart
557
36987
tStart
557
36998
tStart
558
37008
tStart
557
37019
tStart
556
37029
tStart
555
37039
tStart
557
37050
tStart
558
37060
tStart
557
37071
tStart
556
37081
tStart
556
37091
tStart
554
37102
tStart
555
37112
tStart
555
37123
tStart
558
37133
tStart
556
37143
tStart
558
37154
tStart
556
37164
tStart
554
37175
tStart
552
37185
tStart
557
37195
tStart
558
37206
tStart
557
37216
tStart
557
37227
tStart
553
37237
tStart
555
37247
tStart
555
37258
tStart
555
37268
tStart
558
37279
tStart
557
37289
tStart
554
37299
tStart
556
37310
tStart
555
37320
tStart
556
37331
tStart
557
37341
tStart
557
37351
tStart
556
37362
tStart
555
37372
tStart
553
37383
tStart
555
37393
tStart
556
37403
tStart
556
37414
tStart
556
37424
tStart
556
37435
tStart
555
37445
tStart
555
37455
tStart
558
37466
tStart
557
37476
tStart
557
37487
tStart
556
37497
tStart
555
37507
tStart
554
37518
tStart
556
37528
tStart
556
37539
tStart
556
37549
tStart
557
37559
tStart
556
37570
tStart
556
37580
tStart
555
37591
tStart
556
37601
tStart
558
37611
tStart
556
37622
tStart
557
37632
tStart
555
37643
tStart
554
37653
tStart
554
37663
tStart
555
37674
tStart
557
37684
tStart
557
37695
tStart
557
37705
tStart
554
37715
tStart
555
37726
tStart
554
37736
tStart
557
37747
tStart
557
37757
tStart
558
37767
tStart
554
37778
tStart
553
37788
tStart
555
37799
tStart
555
37809
tStart
556
37819
tStart
558
37830
tStart
558
37840
tStart
555
37851
tStart
553
37861
tStart
555
37871
tStart
557
37882
tStart
556
37892
tStart
557
37903
tStart
555
37913
tStart
554
37923
tStart
554
37934
tStart
555
37944
tStart
556
37955
tStart
556
37965
tStart
556
37975
tStart
556
37986
tStart
554
37996
tStart
555
38007
tStart
555
38017
tStart
557
38027
tStart
558
38038
tStart
556
38048
tStart
555
38059
tStart
554
38069
tStart
555
38079
tStart
556
38090
tStart
556
38100
tStart
557
38111
tStart
555
38121
tStart
554
38131
tStart
554
38142
tStart
556
38152
tStart
557
38163
tStart
555
38173
tStart
555
38183
tStart
555
38194
tStart
554
38204
tStart
556
38215
tStart
556
38225
tStart
557
38235
tStart
557
38246
tStart
555
38256
tStart
554
38267
tStart
554
38277
tStart
555
38287
tStart
557
38298
tStart
556
38308
tStart
556
38319
tStart
554
38329
tStart
553
38339
tStart
554
38350
tStart
555
38360
tStart
556
38371
tStart
557
38381
tStart
555
38391
tStart
554
38402
tStart
554
38412
tStart
556
38423
tStart
555
38433
tStart
557
38443
tStart
556
38454
tStart
554
38464
tStart
555
38475
tStart
556
38485
tStart
557
38495
tStart
555
38506
tStart
557
38516
tStart
555
38527
tStart
557
38537
tStart
553
38547
tStart
555
38558
tStart
555
38568
tStart
558
38579
tStart
555
38589
tStart
554
38599
tStart
553
38610
tStart
556
38620
tStart
557
38631
tStart
556
38641
tStart
557
38651
tStart
555
38662
tStart
555
38672
tStart
554
38683
tStart
554
38693
tStart
555
38703
tStart
557
38714
tStart
554
38724
tStart
554
38735
tStart
553
38745
tStart
554
38755
tStart
556
38766
tStart
556
38776
tStart
557
38787
tStart
555
38797
tStart
556
38807
tStart
554
38818
tStart
555
38828
tStart
555
38839
tStart
556
38849
tStart
555
38859
tStart
556
38870
tStart
555
38880
tStart
556
38891
tStart
554
38901
tStart
553
38911
tStart
555
38922
tStart
554
38932
tStart
555
38943
tStart
554
38953
tStart
555
38963
tStart
555
38974
tStart
557
38984
tStart
556
38995
tStart
555
39005
tStart
555
39015
tStart
554
39026
tStart
556
39036
tStart
557
39047
tStart
555
39057
tStart
556
39067
tStart
555
39078
tStart
556
39088
tStart
556
39099
tStart
554
39109
tStart
556
39119
tStart
556
39130
tStart
555
39140
tStart
555
39151
tStart
554
39161
tStart
556
39171
tStart
556
39182
tStart
556
39192
tStart
554
39203
tStart
556
39213
tStart
554
39223
tStart
554
39234
tStart
555
39244
tStart
556
39255
tStart
556
39265
tStart
555
39275
tStart
555
39286
tStart
554
39296
tStart
557
39307
tStart
555
39317
tStart
555
39327
tStart
557
39338
tStart
556
39348
tStart
558
39359
tStart
556
39369
tStart
556
39379
tStart
557
39390
tStart
557
39400
tStart
556
39411
tStart
555
39421
tStart
555
39431
tStart
555
39442
tStart
555
39452
tStart
556
39463
tStart
556
39473
tStart
557
39483
tStart
557
39494
tStart
555
39504
tStart
556
39515
tStart
556
39525
tStart
557
39535
tStart
556
39546
tStart
557
39556
tStart
555
39567
tStart
556
39577
tStart
557
39587
tStart
557
39598
tStart
557
39608
tStart
557
39619
tStart
555
39629
tStart
555
39639
tStart
556
39650
tStart
556
39660
tStart
557
39671
tStart
557
39681
tStart
556
39691
tStart
555
39702
tStart
556
39712
tStart
555
39723
tStart
563
39733
tStart
562
39743
tStart
558
39754
tStart
560
39764
tStart
555
39775
tStart
554
39785
tStart
555
39795
tStart
560
39806
tStart
557
39816
tStart
556
39827
tStart
556
39837
tStart
556
39847
tStart
558
39858
tStart
556
39868
tStart
557
39879
tStart
556
39889
tStart
551
39899
tStart
550
39910
tStart
551
39920
tStart
555
39931
tStart
556
39941
tStart
558
39951
tStart
556
39962
tStart
555
39972
tStart
555
39983
tStart
556
39993
tStart
555
40003
tStart
556
40014
tStart
555
40024
tStart
556
40035
tStart
554
40045
tStart
553
40055
tStart
553
40066
tStart
558
40076
tStart
557
40087
tStart
557
40097
tStart
555
40107
tStart
556
40118
tStart
555
40128
tStart
558
40139
tStart
557
40149
tStart
556
40159
tStart
557
40170
tStart
555
40180
tStart
555
40191
tStart
555
40201
tStart
555
40211
tStart
556
40222
tStart
555
40232
tStart
555
40243
tStart
555
40253
tStart
555
40263
tStart
556
40274
tStart
556
40284
tStart
556
40295
tStart
558
40305
tStart
557
40315
tStart
556
40326
tStart
554
40336
tStart
557
40347
tStart
557
40357
tStart
556
40367
tStart
555
40378
tStart
555
40388
tStart
555
40399
tStart
554
40409
tStart
556
40419
tStart
556
40430
tStart
555
40440
tStart
557
40451
tStart
554
40461
tStart
556
40471
tStart
556
40482
tStart
557
40492
tStart
557
40503
tStart
556
40513
tStart
558
40523
tStart
554
40534
tStart
555
40544
tStart
556
40555
tStart
558
40565
tStart
556
40575
tStart
555
40586
tStart
556
40596
tStart
557
40607
tStart
558
40617
tStart
556
40627
tStart
557
40638
tStart
557
40648
tStart
555
40659
tStart
555
40669
tStart
557
40679
tStart
558
40690
tStart
555
40700
tStart
557
40711
tStart
555
40721
tStart
553
40731
tStart
556
40742
tStart
556
40752
tStart
557
40763
tStart
557
40773
tStart
555
40783
tStart
555
40794
tStart
557
40804
tStart
556
40815
tStart
556
40825
tStart
557
40835
tStart
555
40846
tStart
556
40856
tStart
555
40867
tStart
557
40877
tStart